TABLE NO.     1: First Order: Problem=1 Subproblem=0 Superproblem1=0 Iteration1=0 Superproblem2=0 Iteration2=0
 NAME         THETA1       THETA2       THETA3       THETA4       THETA5       THETA6       SIGMA(1,1)   OMEGA(1,1)
 THETA1        2.59805E+00  6.64146E+01 -1.31049E+02 -5.04910E+03  3.39580E+03 -4.93955E+03  4.70691E+03  0.00000E+00
 THETA2        6.64146E+01  1.69778E+03 -3.35003E+03 -1.29072E+05  8.68077E+04 -1.26271E+05  1.20324E+05  0.00000E+00
 THETA3       -1.31049E+02 -3.35003E+03  6.61025E+03  2.54683E+05 -1.71288E+05  2.49157E+05 -2.37422E+05  0.00000E+00
 THETA4       -5.04910E+03 -1.29072E+05  2.54683E+05  9.81254E+06 -6.59947E+06  9.59964E+06 -9.14751E+06  0.00000E+00
 THETA5        3.39580E+03  8.68077E+04 -1.71288E+05 -6.59947E+06  4.43850E+06 -6.45628E+06  6.15219E+06  0.00000E+00
 THETA6       -4.93955E+03 -1.26271E+05  2.49157E+05  9.59964E+06 -6.45628E+06  9.39136E+06 -8.94903E+06  0.00000E+00
 SIGMA(1,1)    4.70691E+03  1.20324E+05 -2.37422E+05 -9.14751E+06  6.15219E+06 -8.94903E+06  8.52754E+06  0.00000E+00
 OMEGA(1,1)    0.00000E+00  0.00000E+00  0.00000E+00  0.00000E+00  0.00000E+00  0.00000E+00  0.00000E+00  0.00000E+00
