TABLE NO.     1: First Order: Problem=1 Subproblem=0 Superproblem1=0 Iteration1=0 Superproblem2=0 Iteration2=0
 NAME         THETA1       THETA2       THETA3       THETA4       THETA5       THETA6       SIGMA(1,1)   OMEGA(1,1)
 THETA1        5.89140E+01  2.50620E+01 -1.84624E+03  1.11662E+03 -2.85412E+03  2.59399E+03 -6.21656E+03  0.00000E+00
 THETA2        2.50620E+01  1.06614E+01 -7.85390E+02  4.75003E+02 -1.21414E+03  1.10348E+03 -2.64452E+03  0.00000E+00
 THETA3       -1.84624E+03 -7.85390E+02  5.78570E+04 -3.49924E+04  8.94418E+04 -8.12899E+04  1.94814E+05  0.00000E+00
 THETA4        1.11662E+03  4.75003E+02 -3.49924E+04  2.11654E+04 -5.40955E+04  4.91656E+04 -1.17826E+05  0.00000E+00
 THETA5       -2.85412E+03 -1.21414E+03  8.94418E+04 -5.40955E+04  1.38269E+05 -1.25667E+05  3.01165E+05  0.00000E+00
 THETA6        2.59399E+03  1.10348E+03 -8.12899E+04  4.91656E+04 -1.25667E+05  1.14214E+05 -2.73716E+05  0.00000E+00
 SIGMA(1,1)   -6.21656E+03 -2.64452E+03  1.94814E+05 -1.17826E+05  3.01165E+05 -2.73716E+05  6.55968E+05  0.00000E+00
 OMEGA(1,1)    0.00000E+00  0.00000E+00  0.00000E+00  0.00000E+00  0.00000E+00  0.00000E+00  0.00000E+00  0.00000E+00
