TABLE NO.     1: First Order: Problem=1 Subproblem=0 Superproblem1=0 Iteration1=0 Superproblem2=0 Iteration2=0
 NAME         THETA1       THETA2       THETA3       THETA4       THETA5       THETA6       SIGMA(1,1)   OMEGA(1,1)
 THETA1        2.50218E-01  9.99997E-01  1.00000E+00  9.99993E-01  1.00000E+00  9.98551E-01 -1.00000E+00  0.00000E+00
 THETA2        9.99997E-01  1.34248E-02  9.99998E-01  9.99982E-01  9.99995E-01  9.98672E-01 -9.99996E-01  0.00000E+00
 THETA3        1.00000E+00  9.99998E-01  2.02504E-03  9.99992E-01  9.99999E-01  9.98565E-01 -1.00000E+00  0.00000E+00
 THETA4        9.99993E-01  9.99982E-01  9.99992E-01  3.79640E-04  9.99996E-01  9.98342E-01 -9.99995E-01  0.00000E+00
 THETA5        1.00000E+00  9.99995E-01  9.99999E-01  9.99996E-01  7.33618E-05  9.98499E-01 -1.00000E+00  0.00000E+00
 THETA6        9.98551E-01  9.98672E-01  9.98565E-01  9.98342E-01  9.98499E-01  3.17318E-05 -9.98527E-01  0.00000E+00
 SIGMA(1,1)   -1.00000E+00 -9.99996E-01 -1.00000E+00 -9.99995E-01 -1.00000E+00 -9.98527E-01  2.26036E-04  0.00000E+00
 OMEGA(1,1)    0.00000E+00  0.00000E+00  0.00000E+00  0.00000E+00  0.00000E+00  0.00000E+00  0.00000E+00  0.00000E+00
